/*--------------------------------*- C++ -*----------------------------------*\
| =========                 |                                                 |
| \\      /  F ield         | foam-extend: Open Source CFD                    |
|  \\    /   O peration     | Version:     3.1                                |
|   \\  /    A nd           | Web:         http://www.extend-project.de       |
|    \\/     M anipulation  |                                                 |
\*---------------------------------------------------------------------------*/
FoamFile
{
    version     2.0;
    format      ascii;
    class       labelList;
    note        "nPoints: 7584 nCells: 4978 nFaces: 17499 nInternalFaces: 12369";
    location    "constant/polyMesh";
    object      neighbour;
}
// * * * * * * * * * * * * * * * * * * * * * * * * * * * * * * * * * * * * * //


12369
(
1
9
18
342
2
10
19
343
3
11
20
344
4
12
21
345
5
13
22
346
6
14
23
347
7
15
24
348
8
16
25
349
17
26
350
1406
10
27
513
11
28
514
12
29
515
13
30
516
14
31
517
15
32
518
16
33
519
17
34
520
35
521
1425
19
27
36
20
28
37
21
29
38
22
30
39
23
31
40
24
32
41
25
33
42
26
34
43
35
44
1444
28
45
29
46
30
47
31
48
32
49
33
50
34
51
35
52
53
1463
37
45
54
38
46
55
39
47
56
40
48
57
41
49
58
42
50
59
43
51
60
44
52
61
53
62
1482
46
63
47
64
48
65
49
66
50
67
51
68
52
69
53
70
71
1501
55
63
72
56
64
73
57
65
74
58
66
75
59
67
76
60
68
77
61
69
78
62
70
79
71
80
1520
64
81
65
82
66
83
67
84
68
85
69
86
70
87
71
88
89
1539
73
81
90
74
82
91
75
83
92
76
84
93
77
85
94
78
86
95
79
87
96
80
88
97
89
98
1558
82
99
83
100
84
101
85
102
86
103
87
104
88
105
89
106
107
1577
91
99
108
92
100
109
93
101
110
94
102
111
95
103
112
96
104
113
97
105
114
98
106
115
107
116
1596
100
117
101
118
102
119
103
120
104
121
105
122
106
123
107
124
125
1615
109
117
126
110
118
127
111
119
128
112
120
129
113
121
130
114
122
131
115
123
132
116
124
133
125
134
1634
118
135
119
136
120
137
121
138
122
139
123
140
124
141
125
142
143
1653
127
135
144
128
136
145
129
137
146
130
138
147
131
139
148
132
140
149
133
141
150
134
142
151
143
152
1672
136
153
137
154
138
155
139
156
140
157
141
158
142
159
143
160
161
1691
145
153
162
146
154
163
147
155
164
148
156
165
149
157
166
150
158
167
151
159
168
152
160
169
161
170
1710
154
171
155
172
156
173
157
174
158
175
159
176
160
177
161
178
179
1729
163
171
180
164
172
181
165
173
182
166
174
183
167
175
184
168
176
185
169
177
186
170
178
187
179
188
1748
172
189
173
190
174
191
175
192
176
193
177
194
178
195
179
196
197
1767
181
189
198
182
190
199
183
191
200
184
192
201
185
193
202
186
194
203
187
195
204
188
196
205
197
206
1786
190
207
191
208
192
209
193
210
194
211
195
212
196
213
197
214
215
1805
199
207
216
200
208
217
201
209
218
202
210
219
203
211
220
204
212
221
205
213
222
206
214
223
215
224
1824
208
225
209
226
210
227
211
228
212
229
213
230
214
231
215
232
233
1843
217
225
234
218
226
235
219
227
236
220
228
237
221
229
238
222
230
239
223
231
240
224
232
241
233
242
1862
226
243
227
244
228
245
229
246
230
247
231
248
232
249
233
250
251
1881
235
243
252
236
244
253
237
245
254
238
246
255
239
247
256
240
248
257
241
249
258
242
250
259
251
260
1900
244
261
245
262
246
263
247
264
248
265
249
266
250
267
251
268
269
1919
253
261
270
254
262
271
255
263
272
256
264
273
257
265
274
258
266
275
259
267
276
260
268
277
269
278
1938
262
279
263
280
264
281
265
282
266
283
267
284
268
285
269
286
287
1957
271
279
288
272
280
289
273
281
290
274
282
291
275
283
292
276
284
293
277
285
294
278
286
295
287
296
1976
280
297
281
298
282
299
283
300
284
301
285
302
286
303
287
304
305
1995
289
297
306
290
298
307
291
299
308
292
300
309
293
301
310
294
302
311
295
303
312
296
304
313
305
314
2014
298
315
299
316
300
317
301
318
302
319
303
320
304
321
305
322
323
2033
307
315
324
308
316
325
309
317
326
310
318
327
311
319
328
312
320
329
313
321
330
314
322
331
323
332
2052
316
333
317
334
318
335
319
336
320
337
321
338
322
339
323
340
341
2071
325
333
4636
326
334
4637
327
335
4638
328
336
4639
329
337
4640
330
338
4641
331
339
4642
332
340
4643
341
2090
4644
334
4807
335
4808
336
4809
337
4810
338
4811
339
4812
340
4813
341
4814
2109
4815
343
351
513
344
352
514
345
353
515
346
354
516
347
355
517
348
356
518
349
357
519
350
358
520
359
521
2128
352
360
522
353
361
523
354
362
524
355
363
525
356
364
526
357
365
527
358
366
528
359
367
529
368
530
2147
361
369
531
362
370
532
363
371
533
364
372
534
365
373
535
366
374
536
367
375
537
368
376
538
377
539
2166
370
378
540
371
379
541
372
380
542
373
381
543
374
382
544
375
383
545
376
384
546
377
385
547
386
548
2185
379
387
549
380
388
550
381
389
551
382
390
552
383
391
553
384
392
554
385
393
555
386
394
556
395
557
2204
388
396
558
389
397
559
390
398
560
391
399
561
392
400
562
393
401
563
394
402
564
395
403
565
404
566
2223
397
405
567
398
406
568
399
407
569
400
408
570
401
409
571
402
410
572
403
411
573
404
412
574
413
575
2242
406
414
576
407
415
577
408
416
578
409
417
579
410
418
580
411
419
581
412
420
582
413
421
583
422
584
2261
415
423
585
416
424
586
417
425
587
418
426
588
419
427
589
420
428
590
421
429
591
422
430
592
431
593
2280
424
432
594
425
433
595
426
434
596
427
435
597
428
436
598
429
437
599
430
438
600
431
439
601
440
602
2299
433
441
603
434
442
604
435
443
605
436
444
606
437
445
607
438
446
608
439
447
609
440
448
610
449
611
2318
442
450
612
443
451
613
444
452
614
445
453
615
446
454
616
447
455
617
448
456
618
449
457
619
458
620
2337
451
459
621
452
460
622
453
461
623
454
462
624
455
463
625
456
464
626
457
465
627
458
466
628
467
629
2356
460
468
630
461
469
631
462
470
632
463
471
633
464
472
634
465
473
635
466
474
636
467
475
637
476
638
2375
469
477
639
470
478
640
471
479
641
472
480
642
473
481
643
474
482
644
475
483
645
476
484
646
485
647
2394
478
486
648
479
487
649
480
488
650
481
489
651
482
490
652
483
491
653
484
492
654
485
493
655
494
656
2413
487
495
657
488
496
658
489
497
659
490
498
660
491
499
661
492
500
662
493
501
663
494
502
664
503
665
2432
496
504
666
497
505
667
498
506
668
499
507
669
500
508
670
501
509
671
502
510
672
503
511
673
512
674
2451
505
675
3572
506
676
3573
507
677
3574
508
678
3575
509
679
3576
510
680
3577
511
681
3578
512
682
3579
683
2470
3580
514
522
515
523
516
524
517
525
518
526
519
527
520
528
521
529
530
2489
523
531
524
532
525
533
526
534
527
535
528
536
529
537
530
538
539
2508
532
540
533
541
534
542
535
543
536
544
537
545
538
546
539
547
548
2527
541
549
542
550
543
551
544
552
545
553
546
554
547
555
548
556
557
2546
550
558
551
559
552
560
553
561
554
562
555
563
556
564
557
565
566
2565
559
567
560
568
561
569
562
570
563
571
564
572
565
573
566
574
575
2584
568
576
569
577
570
578
571
579
572
580
573
581
574
582
575
583
584
2603
577
585
578
586
579
587
580
588
581
589
582
590
583
591
584
592
593
2622
586
594
587
595
588
596
589
597
590
598
591
599
592
600
593
601
602
2641
595
603
596
604
597
605
598
606
599
607
600
608
601
609
602
610
611
2660
604
612
605
613
606
614
607
615
608
616
609
617
610
618
611
619
620
2679
613
621
614
622
615
623
616
624
617
625
618
626
619
627
620
628
629
2698
622
630
623
631
624
632
625
633
626
634
627
635
628
636
629
637
638
2717
631
639
632
640
633
641
634
642
635
643
636
644
637
645
638
646
647
2736
640
648
641
649
642
650
643
651
644
652
645
653
646
654
647
655
656
2755
649
657
650
658
651
659
652
660
653
661
654
662
655
663
656
664
665
2774
658
666
659
667
660
668
661
669
662
670
663
671
664
672
665
673
674
2793
667
675
668
676
669
677
670
678
671
679
672
680
673
681
674
682
683
2812
676
3581
677
3582
678
3583
679
3584
680
3585
681
3586
682
3587
683
3588
2831
3589
685
703
722
1424
2146
686
704
723
2165
687
705
724
2184
688
706
725
2203
689
707
726
2222
690
708
727
2241
691
709
728
2260
692
710
729
2279
693
711
730
2298
694
712
731
2317
695
713
732
2336
696
714
733
2355
697
715
734
2374
698
716
735
2393
699
717
736
2412
700
718
737
2431
701
719
738
2450
702
720
739
2469
721
740
2488
2868
704
741
1443
2507
705
742
2526
706
743
2545
707
744
2564
708
745
2583
709
746
2602
710
747
2621
711
748
2640
712
749
2659
713
750
2678
714
751
2697
715
752
2716
716
753
2735
717
754
2754
718
755
2773
719
756
2792
720
757
2811
721
758
2830
759
2849
2887
723
741
760
1462
724
742
761
725
743
762
726
744
763
727
745
764
728
746
765
729
747
766
730
748
767
731
749
768
732
750
769
733
751
770
734
752
771
735
753
772
736
754
773
737
755
774
738
756
775
739
757
776
740
758
777
759
778
2906
742
779
1481
743
780
744
781
745
782
746
783
747
784
748
785
749
786
750
787
751
788
752
789
753
790
754
791
755
792
756
793
757
794
758
795
759
796
797
2925
761
779
798
1500
762
780
799
763
781
800
764
782
801
765
783
802
766
784
803
767
785
804
768
786
805
769
787
806
770
788
807
771
789
808
772
790
809
773
791
810
774
792
811
775
793
812
776
794
813
777
795
814
778
796
815
797
816
2944
780
817
1519
781
818
782
819
783
820
784
821
785
822
786
823
787
824
788
825
789
826
790
827
791
828
792
829
793
830
794
831
795
832
796
833
797
834
835
2963
799
817
836
1538
800
818
837
801
819
838
802
820
839
803
821
840
804
822
841
805
823
842
806
824
843
807
825
844
808
826
845
809
827
846
810
828
847
811
829
848
812
830
849
813
831
850
814
832
851
815
833
852
816
834
853
835
854
2982
818
855
1557
819
856
820
857
821
858
822
859
823
860
824
861
825
862
826
863
827
864
828
865
829
866
830
867
831
868
832
869
833
870
834
871
835
872
873
3001
837
855
874
1576
838
856
875
839
857
876
840
858
877
841
859
878
842
860
879
843
861
880
844
862
881
845
863
882
846
864
883
847
865
884
848
866
885
849
867
886
850
868
887
851
869
888
852
870
889
853
871
890
854
872
891
873
892
3020
856
893
1595
857
894
858
895
859
896
860
897
861
898
862
899
863
900
864
901
865
902
866
903
867
904
868
905
869
906
870
907
871
908
872
909
873
910
911
3039
875
893
912
1614
876
894
913
877
895
914
878
896
915
879
897
916
880
898
917
881
899
918
882
900
919
883
901
920
884
902
921
885
903
922
886
904
923
887
905
924
888
906
925
889
907
926
890
908
927
891
909
928
892
910
929
911
930
3058
894
931
1633
895
932
896
933
897
934
898
935
899
936
900
937
901
938
902
939
903
940
904
941
905
942
906
943
907
944
908
945
909
946
910
947
911
948
949
3077
913
931
950
1652
914
932
951
915
933
952
916
934
953
917
935
954
918
936
955
919
937
956
920
938
957
921
939
958
922
940
959
923
941
960
924
942
961
925
943
962
926
944
963
927
945
964
928
946
965
929
947
966
930
948
967
949
968
3096
932
969
1671
933
970
934
971
935
972
936
973
937
974
938
975
939
976
940
977
941
978
942
979
943
980
944
981
945
982
946
983
947
984
948
985
949
986
987
3115
951
969
988
1690
952
970
989
953
971
990
954
972
991
955
973
992
956
974
993
957
975
994
958
976
995
959
977
996
960
978
997
961
979
998
962
980
999
963
981
1000
964
982
1001
965
983
1002
966
984
1003
967
985
1004
968
986
1005
987
1006
3134
970
1007
1709
971
1008
972
1009
973
1010
974
1011
975
1012
976
1013
977
1014
978
1015
979
1016
980
1017
981
1018
982
1019
983
1020
984
1021
985
1022
986
1023
987
1024
1025
3153
989
1007
1026
1728
990
1008
1027
991
1009
1028
992
1010
1029
993
1011
1030
994
1012
1031
995
1013
1032
996
1014
1033
997
1015
1034
998
1016
1035
999
1017
1036
1000
1018
1037
1001
1019
1038
1002
1020
1039
1003
1021
1040
1004
1022
1041
1005
1023
1042
1006
1024
1043
1025
1044
3172
1008
1045
1747
1009
1046
1010
1047
1011
1048
1012
1049
1013
1050
1014
1051
1015
1052
1016
1053
1017
1054
1018
1055
1019
1056
1020
1057
1021
1058
1022
1059
1023
1060
1024
1061
1025
1062
1063
3191
1027
1045
1064
1766
1028
1046
1065
1029
1047
1066
1030
1048
1067
1031
1049
1068
1032
1050
1069
1033
1051
1070
1034
1052
1071
1035
1053
1072
1036
1054
1073
1037
1055
1074
1038
1056
1075
1039
1057
1076
1040
1058
1077
1041
1059
1078
1042
1060
1079
1043
1061
1080
1044
1062
1081
1063
1082
3210
1046
1083
1785
1047
1084
1048
1085
1049
1086
1050
1087
1051
1088
1052
1089
1053
1090
1054
1091
1055
1092
1056
1093
1057
1094
1058
1095
1059
1096
1060
1097
1061
1098
1062
1099
1063
1100
1101
3229
1065
1083
1102
1804
1066
1084
1103
1067
1085
1104
1068
1086
1105
1069
1087
1106
1070
1088
1107
1071
1089
1108
1072
1090
1109
1073
1091
1110
1074
1092
1111
1075
1093
1112
1076
1094
1113
1077
1095
1114
1078
1096
1115
1079
1097
1116
1080
1098
1117
1081
1099
1118
1082
1100
1119
1101
1120
3248
1084
1121
1823
1085
1122
1086
1123
1087
1124
1088
1125
1089
1126
1090
1127
1091
1128
1092
1129
1093
1130
1094
1131
1095
1132
1096
1133
1097
1134
1098
1135
1099
1136
1100
1137
1101
1138
1139
3267
1103
1121
1140
1842
1104
1122
1141
1105
1123
1142
1106
1124
1143
1107
1125
1144
1108
1126
1145
1109
1127
1146
1110
1128
1147
1111
1129
1148
1112
1130
1149
1113
1131
1150
1114
1132
1151
1115
1133
1152
1116
1134
1153
1117
1135
1154
1118
1136
1155
1119
1137
1156
1120
1138
1157
1139
1158
3286
1122
1159
1861
1123
1160
1124
1161
1125
1162
1126
1163
1127
1164
1128
1165
1129
1166
1130
1167
1131
1168
1132
1169
1133
1170
1134
1171
1135
1172
1136
1173
1137
1174
1138
1175
1139
1176
1177
3305
1141
1159
1178
1880
1142
1160
1179
1143
1161
1180
1144
1162
1181
1145
1163
1182
1146
1164
1183
1147
1165
1184
1148
1166
1185
1149
1167
1186
1150
1168
1187
1151
1169
1188
1152
1170
1189
1153
1171
1190
1154
1172
1191
1155
1173
1192
1156
1174
1193
1157
1175
1194
1158
1176
1195
1177
1196
3324
1160
1197
1899
1161
1198
1162
1199
1163
1200
1164
1201
1165
1202
1166
1203
1167
1204
1168
1205
1169
1206
1170
1207
1171
1208
1172
1209
1173
1210
1174
1211
1175
1212
1176
1213
1177
1214
1215
3343
1179
1197
1216
1918
1180
1198
1217
1181
1199
1218
1182
1200
1219
1183
1201
1220
1184
1202
1221
1185
1203
1222
1186
1204
1223
1187
1205
1224
1188
1206
1225
1189
1207
1226
1190
1208
1227
1191
1209
1228
1192
1210
1229
1193
1211
1230
1194
1212
1231
1195
1213
1232
1196
1214
1233
1215
1234
3362
1198
1235
1937
1199
1236
1200
1237
1201
1238
1202
1239
1203
1240
1204
1241
1205
1242
1206
1243
1207
1244
1208
1245
1209
1246
1210
1247
1211
1248
1212
1249
1213
1250
1214
1251
1215
1252
1253
3381
1217
1235
1254
1956
1218
1236
1255
1219
1237
1256
1220
1238
1257
1221
1239
1258
1222
1240
1259
1223
1241
1260
1224
1242
1261
1225
1243
1262
1226
1244
1263
1227
1245
1264
1228
1246
1265
1229
1247
1266
1230
1248
1267
1231
1249
1268
1232
1250
1269
1233
1251
1270
1234
1252
1271
1253
1272
3400
1236
1273
1975
1237
1274
1238
1275
1239
1276
1240
1277
1241
1278
1242
1279
1243
1280
1244
1281
1245
1282
1246
1283
1247
1284
1248
1285
1249
1286
1250
1287
1251
1288
1252
1289
1253
1290
1291
3419
1255
1273
1292
1994
1256
1274
1293
1257
1275
1294
1258
1276
1295
1259
1277
1296
1260
1278
1297
1261
1279
1298
1262
1280
1299
1263
1281
1300
1264
1282
1301
1265
1283
1302
1266
1284
1303
1267
1285
1304
1268
1286
1305
1269
1287
1306
1270
1288
1307
1271
1289
1308
1272
1290
1309
1291
1310
3438
1274
1311
2013
1275
1312
1276
1313
1277
1314
1278
1315
1279
1316
1280
1317
1281
1318
1282
1319
1283
1320
1284
1321
1285
1322
1286
1323
1287
1324
1288
1325
1289
1326
1290
1327
1291
1328
1329
3457
1293
1311
1330
2032
1294
1312
1331
1295
1313
1332
1296
1314
1333
1297
1315
1334
1298
1316
1335
1299
1317
1336
1300
1318
1337
1301
1319
1338
1302
1320
1339
1303
1321
1340
1304
1322
1341
1305
1323
1342
1306
1324
1343
1307
1325
1344
1308
1326
1345
1309
1327
1346
1310
1328
1347
1329
1348
3476
1312
1349
2051
1313
1350
1314
1351
1315
1352
1316
1353
1317
1354
1318
1355
1319
1356
1320
1357
1321
1358
1322
1359
1323
1360
1324
1361
1325
1362
1326
1363
1327
1364
1328
1365
1329
1366
1367
3495
1331
1349
1368
2070
1332
1350
1369
1333
1351
1370
1334
1352
1371
1335
1353
1372
1336
1354
1373
1337
1355
1374
1338
1356
1375
1339
1357
1376
1340
1358
1377
1341
1359
1378
1342
1360
1379
1343
1361
1380
1344
1362
1381
1345
1363
1382
1346
1364
1383
1347
1365
1384
1348
1366
1385
1367
1386
3514
1350
1387
2089
1351
1388
1352
1389
1353
1390
1354
1391
1355
1392
1356
1393
1357
1394
1358
1395
1359
1396
1360
1397
1361
1398
1362
1399
1363
1400
1364
1401
1365
1402
1366
1403
1367
1404
1405
3533
1369
1387
2108
3932
1370
1388
3951
1371
1389
3970
1372
1390
3989
1373
1391
4008
1374
1392
4027
1375
1393
4046
1376
1394
4065
1377
1395
4084
1378
1396
4103
1379
1397
4122
1380
1398
4141
1381
1399
4160
1382
1400
4179
1383
1401
4198
1384
1402
4217
1385
1403
4236
1386
1404
4255
1405
3552
4274
1388
2127
4293
1389
4312
1390
4331
1391
4350
1392
4369
1393
4388
1394
4407
1395
4426
1396
4445
1397
4464
1398
4483
1399
4502
1400
4521
1401
4540
1402
4559
1403
4578
1404
4597
1405
4616
3571
4635
1407
1425
1444
2128
1408
1426
1445
2129
1409
1427
1446
2130
1410
1428
1447
2131
1411
1429
1448
2132
1412
1430
1449
2133
1413
1431
1450
2134
1414
1432
1451
2135
1415
1433
1452
2136
1416
1434
1453
2137
1417
1435
1454
2138
1418
1436
1455
2139
1419
1437
1456
2140
1420
1438
1457
2141
1421
1439
1458
2142
1422
1440
1459
2143
1423
1441
1460
2144
1424
1442
1461
2145
1443
1462
2146
1426
1463
2489
1427
1464
2490
1428
1465
2491
1429
1466
2492
1430
1467
2493
1431
1468
2494
1432
1469
2495
1433
1470
2496
1434
1471
2497
1435
1472
2498
1436
1473
2499
1437
1474
2500
1438
1475
2501
1439
1476
2502
1440
1477
2503
1441
1478
2504
1442
1479
2505
1443
1480
2506
1481
2507
1445
1463
1482
1446
1464
1483
1447
1465
1484
1448
1466
1485
1449
1467
1486
1450
1468
1487
1451
1469
1488
1452
1470
1489
1453
1471
1490
1454
1472
1491
1455
1473
1492
1456
1474
1493
1457
1475
1494
1458
1476
1495
1459
1477
1496
1460
1478
1497
1461
1479
1498
1462
1480
1499
1481
1500
1464
1501
1465
1502
1466
1503
1467
1504
1468
1505
1469
1506
1470
1507
1471
1508
1472
1509
1473
1510
1474
1511
1475
1512
1476
1513
1477
1514
1478
1515
1479
1516
1480
1517
1481
1518
1519
1483
1501
1520
1484
1502
1521
1485
1503
1522
1486
1504
1523
1487
1505
1524
1488
1506
1525
1489
1507
1526
1490
1508
1527
1491
1509
1528
1492
1510
1529
1493
1511
1530
1494
1512
1531
1495
1513
1532
1496
1514
1533
1497
1515
1534
1498
1516
1535
1499
1517
1536
1500
1518
1537
1519
1538
1502
1539
1503
1540
1504
1541
1505
1542
1506
1543
1507
1544
1508
1545
1509
1546
1510
1547
1511
1548
1512
1549
1513
1550
1514
1551
1515
1552
1516
1553
1517
1554
1518
1555
1519
1556
1557
1521
1539
1558
1522
1540
1559
1523
1541
1560
1524
1542
1561
1525
1543
1562
1526
1544
1563
1527
1545
1564
1528
1546
1565
1529
1547
1566
1530
1548
1567
1531
1549
1568
1532
1550
1569
1533
1551
1570
1534
1552
1571
1535
1553
1572
1536
1554
1573
1537
1555
1574
1538
1556
1575
1557
1576
1540
1577
1541
1578
1542
1579
1543
1580
1544
1581
1545
1582
1546
1583
1547
1584
1548
1585
1549
1586
1550
1587
1551
1588
1552
1589
1553
1590
1554
1591
1555
1592
1556
1593
1557
1594
1595
1559
1577
1596
1560
1578
1597
1561
1579
1598
1562
1580
1599
1563
1581
1600
1564
1582
1601
1565
1583
1602
1566
1584
1603
1567
1585
1604
1568
1586
1605
1569
1587
1606
1570
1588
1607
1571
1589
1608
1572
1590
1609
1573
1591
1610
1574
1592
1611
1575
1593
1612
1576
1594
1613
1595
1614
1578
1615
1579
1616
1580
1617
1581
1618
1582
1619
1583
1620
1584
1621
1585
1622
1586
1623
1587
1624
1588
1625
1589
1626
1590
1627
1591
1628
1592
1629
1593
1630
1594
1631
1595
1632
1633
1597
1615
1634
1598
1616
1635
1599
1617
1636
1600
1618
1637
1601
1619
1638
1602
1620
1639
1603
1621
1640
1604
1622
1641
1605
1623
1642
1606
1624
1643
1607
1625
1644
1608
1626
1645
1609
1627
1646
1610
1628
1647
1611
1629
1648
1612
1630
1649
1613
1631
1650
1614
1632
1651
1633
1652
1616
1653
1617
1654
1618
1655
1619
1656
1620
1657
1621
1658
1622
1659
1623
1660
1624
1661
1625
1662
1626
1663
1627
1664
1628
1665
1629
1666
1630
1667
1631
1668
1632
1669
1633
1670
1671
1635
1653
1672
1636
1654
1673
1637
1655
1674
1638
1656
1675
1639
1657
1676
1640
1658
1677
1641
1659
1678
1642
1660
1679
1643
1661
1680
1644
1662
1681
1645
1663
1682
1646
1664
1683
1647
1665
1684
1648
1666
1685
1649
1667
1686
1650
1668
1687
1651
1669
1688
1652
1670
1689
1671
1690
1654
1691
1655
1692
1656
1693
1657
1694
1658
1695
1659
1696
1660
1697
1661
1698
1662
1699
1663
1700
1664
1701
1665
1702
1666
1703
1667
1704
1668
1705
1669
1706
1670
1707
1671
1708
1709
1673
1691
1710
1674
1692
1711
1675
1693
1712
1676
1694
1713
1677
1695
1714
1678
1696
1715
1679
1697
1716
1680
1698
1717
1681
1699
1718
1682
1700
1719
1683
1701
1720
1684
1702
1721
1685
1703
1722
1686
1704
1723
1687
1705
1724
1688
1706
1725
1689
1707
1726
1690
1708
1727
1709
1728
1692
1729
1693
1730
1694
1731
1695
1732
1696
1733
1697
1734
1698
1735
1699
1736
1700
1737
1701
1738
1702
1739
1703
1740
1704
1741
1705
1742
1706
1743
1707
1744
1708
1745
1709
1746
1747
1711
1729
1748
1712
1730
1749
1713
1731
1750
1714
1732
1751
1715
1733
1752
1716
1734
1753
1717
1735
1754
1718
1736
1755
1719
1737
1756
1720
1738
1757
1721
1739
1758
1722
1740
1759
1723
1741
1760
1724
1742
1761
1725
1743
1762
1726
1744
1763
1727
1745
1764
1728
1746
1765
1747
1766
1730
1767
1731
1768
1732
1769
1733
1770
1734
1771
1735
1772
1736
1773
1737
1774
1738
1775
1739
1776
1740
1777
1741
1778
1742
1779
1743
1780
1744
1781
1745
1782
1746
1783
1747
1784
1785
1749
1767
1786
1750
1768
1787
1751
1769
1788
1752
1770
1789
1753
1771
1790
1754
1772
1791
1755
1773
1792
1756
1774
1793
1757
1775
1794
1758
1776
1795
1759
1777
1796
1760
1778
1797
1761
1779
1798
1762
1780
1799
1763
1781
1800
1764
1782
1801
1765
1783
1802
1766
1784
1803
1785
1804
1768
1805
1769
1806
1770
1807
1771
1808
1772
1809
1773
1810
1774
1811
1775
1812
1776
1813
1777
1814
1778
1815
1779
1816
1780
1817
1781
1818
1782
1819
1783
1820
1784
1821
1785
1822
1823
1787
1805
1824
1788
1806
1825
1789
1807
1826
1790
1808
1827
1791
1809
1828
1792
1810
1829
1793
1811
1830
1794
1812
1831
1795
1813
1832
1796
1814
1833
1797
1815
1834
1798
1816
1835
1799
1817
1836
1800
1818
1837
1801
1819
1838
1802
1820
1839
1803
1821
1840
1804
1822
1841
1823
1842
1806
1843
1807
1844
1808
1845
1809
1846
1810
1847
1811
1848
1812
1849
1813
1850
1814
1851
1815
1852
1816
1853
1817
1854
1818
1855
1819
1856
1820
1857
1821
1858
1822
1859
1823
1860
1861
1825
1843
1862
1826
1844
1863
1827
1845
1864
1828
1846
1865
1829
1847
1866
1830
1848
1867
1831
1849
1868
1832
1850
1869
1833
1851
1870
1834
1852
1871
1835
1853
1872
1836
1854
1873
1837
1855
1874
1838
1856
1875
1839
1857
1876
1840
1858
1877
1841
1859
1878
1842
1860
1879
1861
1880
1844
1881
1845
1882
1846
1883
1847
1884
1848
1885
1849
1886
1850
1887
1851
1888
1852
1889
1853
1890
1854
1891
1855
1892
1856
1893
1857
1894
1858
1895
1859
1896
1860
1897
1861
1898
1899
1863
1881
1900
1864
1882
1901
1865
1883
1902
1866
1884
1903
1867
1885
1904
1868
1886
1905
1869
1887
1906
1870
1888
1907
1871
1889
1908
1872
1890
1909
1873
1891
1910
1874
1892
1911
1875
1893
1912
1876
1894
1913
1877
1895
1914
1878
1896
1915
1879
1897
1916
1880
1898
1917
1899
1918
1882
1919
1883
1920
1884
1921
1885
1922
1886
1923
1887
1924
1888
1925
1889
1926
1890
1927
1891
1928
1892
1929
1893
1930
1894
1931
1895
1932
1896
1933
1897
1934
1898
1935
1899
1936
1937
1901
1919
1938
1902
1920
1939
1903
1921
1940
1904
1922
1941
1905
1923
1942
1906
1924
1943
1907
1925
1944
1908
1926
1945
1909
1927
1946
1910
1928
1947
1911
1929
1948
1912
1930
1949
1913
1931
1950
1914
1932
1951
1915
1933
1952
1916
1934
1953
1917
1935
1954
1918
1936
1955
1937
1956
1920
1957
1921
1958
1922
1959
1923
1960
1924
1961
1925
1962
1926
1963
1927
1964
1928
1965
1929
1966
1930
1967
1931
1968
1932
1969
1933
1970
1934
1971
1935
1972
1936
1973
1937
1974
1975
1939
1957
1976
1940
1958
1977
1941
1959
1978
1942
1960
1979
1943
1961
1980
1944
1962
1981
1945
1963
1982
1946
1964
1983
1947
1965
1984
1948
1966
1985
1949
1967
1986
1950
1968
1987
1951
1969
1988
1952
1970
1989
1953
1971
1990
1954
1972
1991
1955
1973
1992
1956
1974
1993
1975
1994
1958
1995
1959
1996
1960
1997
1961
1998
1962
1999
1963
2000
1964
2001
1965
2002
1966
2003
1967
2004
1968
2005
1969
2006
1970
2007
1971
2008
1972
2009
1973
2010
1974
2011
1975
2012
2013
1977
1995
2014
1978
1996
2015
1979
1997
2016
1980
1998
2017
1981
1999
2018
1982
2000
2019
1983
2001
2020
1984
2002
2021
1985
2003
2022
1986
2004
2023
1987
2005
2024
1988
2006
2025
1989
2007
2026
1990
2008
2027
1991
2009
2028
1992
2010
2029
1993
2011
2030
1994
2012
2031
2013
2032
1996
2033
1997
2034
1998
2035
1999
2036
2000
2037
2001
2038
2002
2039
2003
2040
2004
2041
2005
2042
2006
2043
2007
2044
2008
2045
2009
2046
2010
2047
2011
2048
2012
2049
2013
2050
2051
2015
2033
2052
2016
2034
2053
2017
2035
2054
2018
2036
2055
2019
2037
2056
2020
2038
2057
2021
2039
2058
2022
2040
2059
2023
2041
2060
2024
2042
2061
2025
2043
2062
2026
2044
2063
2027
2045
2064
2028
2046
2065
2029
2047
2066
2030
2048
2067
2031
2049
2068
2032
2050
2069
2051
2070
2034
2071
2035
2072
2036
2073
2037
2074
2038
2075
2039
2076
2040
2077
2041
2078
2042
2079
2043
2080
2044
2081
2045
2082
2046
2083
2047
2084
2048
2085
2049
2086
2050
2087
2051
2088
2089
2053
2071
2090
2054
2072
2091
2055
2073
2092
2056
2074
2093
2057
2075
2094
2058
2076
2095
2059
2077
2096
2060
2078
2097
2061
2079
2098
2062
2080
2099
2063
2081
2100
2064
2082
2101
2065
2083
2102
2066
2084
2103
2067
2085
2104
2068
2086
2105
2069
2087
2106
2070
2088
2107
2089
2108
2072
2109
2073
2110
2074
2111
2075
2112
2076
2113
2077
2114
2078
2115
2079
2116
2080
2117
2081
2118
2082
2119
2083
2120
2084
2121
2085
2122
2086
2123
2087
2124
2088
2125
2089
2126
2127
2091
2109
3914
2092
2110
3915
2093
2111
3916
2094
2112
3917
2095
2113
3918
2096
2114
3919
2097
2115
3920
2098
2116
3921
2099
2117
3922
2100
2118
3923
2101
2119
3924
2102
2120
3925
2103
2121
3926
2104
2122
3927
2105
2123
3928
2106
2124
3929
2107
2125
3930
2108
2126
3931
2127
3932
2110
4275
2111
4276
2112
4277
2113
4278
2114
4279
2115
4280
2116
4281
2117
4282
2118
4283
2119
4284
2120
4285
2121
4286
2122
4287
2123
4288
2124
4289
2125
4290
2126
4291
2127
4292
4293
2129
2147
2489
2130
2148
2490
2131
2149
2491
2132
2150
2492
2133
2151
2493
2134
2152
2494
2135
2153
2495
2136
2154
2496
2137
2155
2497
2138
2156
2498
2139
2157
2499
2140
2158
2500
2141
2159
2501
2142
2160
2502
2143
2161
2503
2144
2162
2504
2145
2163
2505
2146
2164
2506
2165
2507
2148
2166
2508
2149
2167
2509
2150
2168
2510
2151
2169
2511
2152
2170
2512
2153
2171
2513
2154
2172
2514
2155
2173
2515
2156
2174
2516
2157
2175
2517
2158
2176
2518
2159
2177
2519
2160
2178
2520
2161
2179
2521
2162
2180
2522
2163
2181
2523
2164
2182
2524
2165
2183
2525
2184
2526
2167
2185
2527
2168
2186
2528
2169
2187
2529
2170
2188
2530
2171
2189
2531
2172
2190
2532
2173
2191
2533
2174
2192
2534
2175
2193
2535
2176
2194
2536
2177
2195
2537
2178
2196
2538
2179
2197
2539
2180
2198
2540
2181
2199
2541
2182
2200
2542
2183
2201
2543
2184
2202
2544
2203
2545
2186
2204
2546
2187
2205
2547
2188
2206
2548
2189
2207
2549
2190
2208
2550
2191
2209
2551
2192
2210
2552
2193
2211
2553
2194
2212
2554
2195
2213
2555
2196
2214
2556
2197
2215
2557
2198
2216
2558
2199
2217
2559
2200
2218
2560
2201
2219
2561
2202
2220
2562
2203
2221
2563
2222
2564
2205
2223
2565
2206
2224
2566
2207
2225
2567
2208
2226
2568
2209
2227
2569
2210
2228
2570
2211
2229
2571
2212
2230
2572
2213
2231
2573
2214
2232
2574
2215
2233
2575
2216
2234
2576
2217
2235
2577
2218
2236
2578
2219
2237
2579
2220
2238
2580
2221
2239
2581
2222
2240
2582
2241
2583
2224
2242
2584
2225
2243
2585
2226
2244
2586
2227
2245
2587
2228
2246
2588
2229
2247
2589
2230
2248
2590
2231
2249
2591
2232
2250
2592
2233
2251
2593
2234
2252
2594
2235
2253
2595
2236
2254
2596
2237
2255
2597
2238
2256
2598
2239
2257
2599
2240
2258
2600
2241
2259
2601
2260
2602
2243
2261
2603
2244
2262
2604
2245
2263
2605
2246
2264
2606
2247
2265
2607
2248
2266
2608
2249
2267
2609
2250
2268
2610
2251
2269
2611
2252
2270
2612
2253
2271
2613
2254
2272
2614
2255
2273
2615
2256
2274
2616
2257
2275
2617
2258
2276
2618
2259
2277
2619
2260
2278
2620
2279
2621
2262
2280
2622
2263
2281
2623
2264
2282
2624
2265
2283
2625
2266
2284
2626
2267
2285
2627
2268
2286
2628
2269
2287
2629
2270
2288
2630
2271
2289
2631
2272
2290
2632
2273
2291
2633
2274
2292
2634
2275
2293
2635
2276
2294
2636
2277
2295
2637
2278
2296
2638
2279
2297
2639
2298
2640
2281
2299
2641
2282
2300
2642
2283
2301
2643
2284
2302
2644
2285
2303
2645
2286
2304
2646
2287
2305
2647
2288
2306
2648
2289
2307
2649
2290
2308
2650
2291
2309
2651
2292
2310
2652
2293
2311
2653
2294
2312
2654
2295
2313
2655
2296
2314
2656
2297
2315
2657
2298
2316
2658
2317
2659
2300
2318
2660
2301
2319
2661
2302
2320
2662
2303
2321
2663
2304
2322
2664
2305
2323
2665
2306
2324
2666
2307
2325
2667
2308
2326
2668
2309
2327
2669
2310
2328
2670
2311
2329
2671
2312
2330
2672
2313
2331
2673
2314
2332
2674
2315
2333
2675
2316
2334
2676
2317
2335
2677
2336
2678
2319
2337
2679
2320
2338
2680
2321
2339
2681
2322
2340
2682
2323
2341
2683
2324
2342
2684
2325
2343
2685
2326
2344
2686
2327
2345
2687
2328
2346
2688
2329
2347
2689
2330
2348
2690
2331
2349
2691
2332
2350
2692
2333
2351
2693
2334
2352
2694
2335
2353
2695
2336
2354
2696
2355
2697
2338
2356
2698
2339
2357
2699
2340
2358
2700
2341
2359
2701
2342
2360
2702
2343
2361
2703
2344
2362
2704
2345
2363
2705
2346
2364
2706
2347
2365
2707
2348
2366
2708
2349
2367
2709
2350
2368
2710
2351
2369
2711
2352
2370
2712
2353
2371
2713
2354
2372
2714
2355
2373
2715
2374
2716
2357
2375
2717
2358
2376
2718
2359
2377
2719
2360
2378
2720
2361
2379
2721
2362
2380
2722
2363
2381
2723
2364
2382
2724
2365
2383
2725
2366
2384
2726
2367
2385
2727
2368
2386
2728
2369
2387
2729
2370
2388
2730
2371
2389
2731
2372
2390
2732
2373
2391
2733
2374
2392
2734
2393
2735
2376
2394
2736
2377
2395
2737
2378
2396
2738
2379
2397
2739
2380
2398
2740
2381
2399
2741
2382
2400
2742
2383
2401
2743
2384
2402
2744
2385
2403
2745
2386
2404
2746
2387
2405
2747
2388
2406
2748
2389
2407
2749
2390
2408
2750
2391
2409
2751
2392
2410
2752
2393
2411
2753
2412
2754
2395
2413
2755
2396
2414
2756
2397
2415
2757
2398
2416
2758
2399
2417
2759
2400
2418
2760
2401
2419
2761
2402
2420
2762
2403
2421
2763
2404
2422
2764
2405
2423
2765
2406
2424
2766
2407
2425
2767
2408
2426
2768
2409
2427
2769
2410
2428
2770
2411
2429
2771
2412
2430
2772
2431
2773
2414
2432
2774
2415
2433
2775
2416
2434
2776
2417
2435
2777
2418
2436
2778
2419
2437
2779
2420
2438
2780
2421
2439
2781
2422
2440
2782
2423
2441
2783
2424
2442
2784
2425
2443
2785
2426
2444
2786
2427
2445
2787
2428
2446
2788
2429
2447
2789
2430
2448
2790
2431
2449
2791
2450
2792
2433
2451
2793
2434
2452
2794
2435
2453
2795
2436
2454
2796
2437
2455
2797
2438
2456
2798
2439
2457
2799
2440
2458
2800
2441
2459
2801
2442
2460
2802
2443
2461
2803
2444
2462
2804
2445
2463
2805
2446
2464
2806
2447
2465
2807
2448
2466
2808
2449
2467
2809
2450
2468
2810
2469
2811
2452
2470
2812
2453
2471
2813
2454
2472
2814
2455
2473
2815
2456
2474
2816
2457
2475
2817
2458
2476
2818
2459
2477
2819
2460
2478
2820
2461
2479
2821
2462
2480
2822
2463
2481
2823
2464
2482
2824
2465
2483
2825
2466
2484
2826
2467
2485
2827
2468
2486
2828
2469
2487
2829
2488
2830
2471
2831
2850
2472
2832
2851
2473
2833
2852
2474
2834
2853
2475
2835
2854
2476
2836
2855
2477
2837
2856
2478
2838
2857
2479
2839
2858
2480
2840
2859
2481
2841
2860
2482
2842
2861
2483
2843
2862
2484
2844
2863
2485
2845
2864
2486
2846
2865
2487
2847
2866
2488
2848
2867
2849
2868
2490
2508
2491
2509
2492
2510
2493
2511
2494
2512
2495
2513
2496
2514
2497
2515
2498
2516
2499
2517
2500
2518
2501
2519
2502
2520
2503
2521
2504
2522
2505
2523
2506
2524
2507
2525
2526
2509
2527
2510
2528
2511
2529
2512
2530
2513
2531
2514
2532
2515
2533
2516
2534
2517
2535
2518
2536
2519
2537
2520
2538
2521
2539
2522
2540
2523
2541
2524
2542
2525
2543
2526
2544
2545
2528
2546
2529
2547
2530
2548
2531
2549
2532
2550
2533
2551
2534
2552
2535
2553
2536
2554
2537
2555
2538
2556
2539
2557
2540
2558
2541
2559
2542
2560
2543
2561
2544
2562
2545
2563
2564
2547
2565
2548
2566
2549
2567
2550
2568
2551
2569
2552
2570
2553
2571
2554
2572
2555
2573
2556
2574
2557
2575
2558
2576
2559
2577
2560
2578
2561
2579
2562
2580
2563
2581
2564
2582
2583
2566
2584
2567
2585
2568
2586
2569
2587
2570
2588
2571
2589
2572
2590
2573
2591
2574
2592
2575
2593
2576
2594
2577
2595
2578
2596
2579
2597
2580
2598
2581
2599
2582
2600
2583
2601
2602
2585
2603
2586
2604
2587
2605
2588
2606
2589
2607
2590
2608
2591
2609
2592
2610
2593
2611
2594
2612
2595
2613
2596
2614
2597
2615
2598
2616
2599
2617
2600
2618
2601
2619
2602
2620
2621
2604
2622
2605
2623
2606
2624
2607
2625
2608
2626
2609
2627
2610
2628
2611
2629
2612
2630
2613
2631
2614
2632
2615
2633
2616
2634
2617
2635
2618
2636
2619
2637
2620
2638
2621
2639
2640
2623
2641
2624
2642
2625
2643
2626
2644
2627
2645
2628
2646
2629
2647
2630
2648
2631
2649
2632
2650
2633
2651
2634
2652
2635
2653
2636
2654
2637
2655
2638
2656
2639
2657
2640
2658
2659
2642
2660
2643
2661
2644
2662
2645
2663
2646
2664
2647
2665
2648
2666
2649
2667
2650
2668
2651
2669
2652
2670
2653
2671
2654
2672
2655
2673
2656
2674
2657
2675
2658
2676
2659
2677
2678
2661
2679
2662
2680
2663
2681
2664
2682
2665
2683
2666
2684
2667
2685
2668
2686
2669
2687
2670
2688
2671
2689
2672
2690
2673
2691
2674
2692
2675
2693
2676
2694
2677
2695
2678
2696
2697
2680
2698
2681
2699
2682
2700
2683
2701
2684
2702
2685
2703
2686
2704
2687
2705
2688
2706
2689
2707
2690
2708
2691
2709
2692
2710
2693
2711
2694
2712
2695
2713
2696
2714
2697
2715
2716
2699
2717
2700
2718
2701
2719
2702
2720
2703
2721
2704
2722
2705
2723
2706
2724
2707
2725
2708
2726
2709
2727
2710
2728
2711
2729
2712
2730
2713
2731
2714
2732
2715
2733
2716
2734
2735
2718
2736
2719
2737
2720
2738
2721
2739
2722
2740
2723
2741
2724
2742
2725
2743
2726
2744
2727
2745
2728
2746
2729
2747
2730
2748
2731
2749
2732
2750
2733
2751
2734
2752
2735
2753
2754
2737
2755
2738
2756
2739
2757
2740
2758
2741
2759
2742
2760
2743
2761
2744
2762
2745
2763
2746
2764
2747
2765
2748
2766
2749
2767
2750
2768
2751
2769
2752
2770
2753
2771
2754
2772
2773
2756
2774
2757
2775
2758
2776
2759
2777
2760
2778
2761
2779
2762
2780
2763
2781
2764
2782
2765
2783
2766
2784
2767
2785
2768
2786
2769
2787
2770
2788
2771
2789
2772
2790
2773
2791
2792
2775
2793
2776
2794
2777
2795
2778
2796
2779
2797
2780
2798
2781
2799
2782
2800
2783
2801
2784
2802
2785
2803
2786
2804
2787
2805
2788
2806
2789
2807
2790
2808
2791
2809
2792
2810
2811
2794
2812
2795
2813
2796
2814
2797
2815
2798
2816
2799
2817
2800
2818
2801
2819
2802
2820
2803
2821
2804
2822
2805
2823
2806
2824
2807
2825
2808
2826
2809
2827
2810
2828
2811
2829
2830
2813
2831
2814
2832
2815
2833
2816
2834
2817
2835
2818
2836
2819
2837
2820
2838
2821
2839
2822
2840
2823
2841
2824
2842
2825
2843
2826
2844
2827
2845
2828
2846
2829
2847
2830
2848
2849
2832
2869
2833
2870
2834
2871
2835
2872
2836
2873
2837
2874
2838
2875
2839
2876
2840
2877
2841
2878
2842
2879
2843
2880
2844
2881
2845
2882
2846
2883
2847
2884
2848
2885
2849
2886
2887
2851
2869
2888
3580
2852
2870
2889
2853
2871
2890
2854
2872
2891
2855
2873
2892
2856
2874
2893
2857
2875
2894
2858
2876
2895
2859
2877
2896
2860
2878
2897
2861
2879
2898
2862
2880
2899
2863
2881
2900
2864
2882
2901
2865
2883
2902
2866
2884
2903
2867
2885
2904
2868
2886
2905
2887
2906
2870
2907
3589
2871
2908
2872
2909
2873
2910
2874
2911
2875
2912
2876
2913
2877
2914
2878
2915
2879
2916
2880
2917
2881
2918
2882
2919
2883
2920
2884
2921
2885
2922
2886
2923
2887
2924
2925
2889
2907
2926
3598
2890
2908
2927
2891
2909
2928
2892
2910
2929
2893
2911
2930
2894
2912
2931
2895
2913
2932
2896
2914
2933
2897
2915
2934
2898
2916
2935
2899
2917
2936
2900
2918
2937
2901
2919
2938
2902
2920
2939
2903
2921
2940
2904
2922
2941
2905
2923
2942
2906
2924
2943
2925
2944
2908
2945
3607
2909
2946
2910
2947
2911
2948
2912
2949
2913
2950
2914
2951
2915
2952
2916
2953
2917
2954
2918
2955
2919
2956
2920
2957
2921
2958
2922
2959
2923
2960
2924
2961
2925
2962
2963
2927
2945
2964
3616
2928
2946
2965
2929
2947
2966
2930
2948
2967
2931
2949
2968
2932
2950
2969
2933
2951
2970
2934
2952
2971
2935
2953
2972
2936
2954
2973
2937
2955
2974
2938
2956
2975
2939
2957
2976
2940
2958
2977
2941
2959
2978
2942
2960
2979
2943
2961
2980
2944
2962
2981
2963
2982
2946
2983
3625
2947
2984
2948
2985
2949
2986
2950
2987
2951
2988
2952
2989
2953
2990
2954
2991
2955
2992
2956
2993
2957
2994
2958
2995
2959
2996
2960
2997
2961
2998
2962
2999
2963
3000
3001
2965
2983
3002
3634
2966
2984
3003
2967
2985
3004
2968
2986
3005
2969
2987
3006
2970
2988
3007
2971
2989
3008
2972
2990
3009
2973
2991
3010
2974
2992
3011
2975
2993
3012
2976
2994
3013
2977
2995
3014
2978
2996
3015
2979
2997
3016
2980
2998
3017
2981
2999
3018
2982
3000
3019
3001
3020
2984
3021
3643
2985
3022
2986
3023
2987
3024
2988
3025
2989
3026
2990
3027
2991
3028
2992
3029
2993
3030
2994
3031
2995
3032
2996
3033
2997
3034
2998
3035
2999
3036
3000
3037
3001
3038
3039
3003
3021
3040
3652
3004
3022
3041
3005
3023
3042
3006
3024
3043
3007
3025
3044
3008
3026
3045
3009
3027
3046
3010
3028
3047
3011
3029
3048
3012
3030
3049
3013
3031
3050
3014
3032
3051
3015
3033
3052
3016
3034
3053
3017
3035
3054
3018
3036
3055
3019
3037
3056
3020
3038
3057
3039
3058
3022
3059
3661
3023
3060
3024
3061
3025
3062
3026
3063
3027
3064
3028
3065
3029
3066
3030
3067
3031
3068
3032
3069
3033
3070
3034
3071
3035
3072
3036
3073
3037
3074
3038
3075
3039
3076
3077
3041
3059
3078
3670
3042
3060
3079
3043
3061
3080
3044
3062
3081
3045
3063
3082
3046
3064
3083
3047
3065
3084
3048
3066
3085
3049
3067
3086
3050
3068
3087
3051
3069
3088
3052
3070
3089
3053
3071
3090
3054
3072
3091
3055
3073
3092
3056
3074
3093
3057
3075
3094
3058
3076
3095
3077
3096
3060
3097
3679
3061
3098
3062
3099
3063
3100
3064
3101
3065
3102
3066
3103
3067
3104
3068
3105
3069
3106
3070
3107
3071
3108
3072
3109
3073
3110
3074
3111
3075
3112
3076
3113
3077
3114
3115
3079
3097
3116
3688
3080
3098
3117
3081
3099
3118
3082
3100
3119
3083
3101
3120
3084
3102
3121
3085
3103
3122
3086
3104
3123
3087
3105
3124
3088
3106
3125
3089
3107
3126
3090
3108
3127
3091
3109
3128
3092
3110
3129
3093
3111
3130
3094
3112
3131
3095
3113
3132
3096
3114
3133
3115
3134
3098
3135
3697
3099
3136
3100
3137
3101
3138
3102
3139
3103
3140
3104
3141
3105
3142
3106
3143
3107
3144
3108
3145
3109
3146
3110
3147
3111
3148
3112
3149
3113
3150
3114
3151
3115
3152
3153
3117
3135
3154
3706
3118
3136
3155
3119
3137
3156
3120
3138
3157
3121
3139
3158
3122
3140
3159
3123
3141
3160
3124
3142
3161
3125
3143
3162
3126
3144
3163
3127
3145
3164
3128
3146
3165
3129
3147
3166
3130
3148
3167
3131
3149
3168
3132
3150
3169
3133
3151
3170
3134
3152
3171
3153
3172
3136
3173
3715
3137
3174
3138
3175
3139
3176
3140
3177
3141
3178
3142
3179
3143
3180
3144
3181
3145
3182
3146
3183
3147
3184
3148
3185
3149
3186
3150
3187
3151
3188
3152
3189
3153
3190
3191
3155
3173
3192
3724
3156
3174
3193
3157
3175
3194
3158
3176
3195
3159
3177
3196
3160
3178
3197
3161
3179
3198
3162
3180
3199
3163
3181
3200
3164
3182
3201
3165
3183
3202
3166
3184
3203
3167
3185
3204
3168
3186
3205
3169
3187
3206
3170
3188
3207
3171
3189
3208
3172
3190
3209
3191
3210
3174
3211
3733
3175
3212
3176
3213
3177
3214
3178
3215
3179
3216
3180
3217
3181
3218
3182
3219
3183
3220
3184
3221
3185
3222
3186
3223
3187
3224
3188
3225
3189
3226
3190
3227
3191
3228
3229
3193
3211
3230
3742
3194
3212
3231
3195
3213
3232
3196
3214
3233
3197
3215
3234
3198
3216
3235
3199
3217
3236
3200
3218
3237
3201
3219
3238
3202
3220
3239
3203
3221
3240
3204
3222
3241
3205
3223
3242
3206
3224
3243
3207
3225
3244
3208
3226
3245
3209
3227
3246
3210
3228
3247
3229
3248
3212
3249
3751
3213
3250
3214
3251
3215
3252
3216
3253
3217
3254
3218
3255
3219
3256
3220
3257
3221
3258
3222
3259
3223
3260
3224
3261
3225
3262
3226
3263
3227
3264
3228
3265
3229
3266
3267
3231
3249
3268
3760
3232
3250
3269
3233
3251
3270
3234
3252
3271
3235
3253
3272
3236
3254
3273
3237
3255
3274
3238
3256
3275
3239
3257
3276
3240
3258
3277
3241
3259
3278
3242
3260
3279
3243
3261
3280
3244
3262
3281
3245
3263
3282
3246
3264
3283
3247
3265
3284
3248
3266
3285
3267
3286
3250
3287
3769
3251
3288
3252
3289
3253
3290
3254
3291
3255
3292
3256
3293
3257
3294
3258
3295
3259
3296
3260
3297
3261
3298
3262
3299
3263
3300
3264
3301
3265
3302
3266
3303
3267
3304
3305
3269
3287
3306
3778
3270
3288
3307
3271
3289
3308
3272
3290
3309
3273
3291
3310
3274
3292
3311
3275
3293
3312
3276
3294
3313
3277
3295
3314
3278
3296
3315
3279
3297
3316
3280
3298
3317
3281
3299
3318
3282
3300
3319
3283
3301
3320
3284
3302
3321
3285
3303
3322
3286
3304
3323
3305
3324
3288
3325
3787
3289
3326
3290
3327
3291
3328
3292
3329
3293
3330
3294
3331
3295
3332
3296
3333
3297
3334
3298
3335
3299
3336
3300
3337
3301
3338
3302
3339
3303
3340
3304
3341
3305
3342
3343
3307
3325
3344
3796
3308
3326
3345
3309
3327
3346
3310
3328
3347
3311
3329
3348
3312
3330
3349
3313
3331
3350
3314
3332
3351
3315
3333
3352
3316
3334
3353
3317
3335
3354
3318
3336
3355
3319
3337
3356
3320
3338
3357
3321
3339
3358
3322
3340
3359
3323
3341
3360
3324
3342
3361
3343
3362
3326
3363
3805
3327
3364
3328
3365
3329
3366
3330
3367
3331
3368
3332
3369
3333
3370
3334
3371
3335
3372
3336
3373
3337
3374
3338
3375
3339
3376
3340
3377
3341
3378
3342
3379
3343
3380
3381
3345
3363
3382
3814
3346
3364
3383
3347
3365
3384
3348
3366
3385
3349
3367
3386
3350
3368
3387
3351
3369
3388
3352
3370
3389
3353
3371
3390
3354
3372
3391
3355
3373
3392
3356
3374
3393
3357
3375
3394
3358
3376
3395
3359
3377
3396
3360
3378
3397
3361
3379
3398
3362
3380
3399
3381
3400
3364
3401
3823
3365
3402
3366
3403
3367
3404
3368
3405
3369
3406
3370
3407
3371
3408
3372
3409
3373
3410
3374
3411
3375
3412
3376
3413
3377
3414
3378
3415
3379
3416
3380
3417
3381
3418
3419
3383
3401
3420
3832
3384
3402
3421
3385
3403
3422
3386
3404
3423
3387
3405
3424
3388
3406
3425
3389
3407
3426
3390
3408
3427
3391
3409
3428
3392
3410
3429
3393
3411
3430
3394
3412
3431
3395
3413
3432
3396
3414
3433
3397
3415
3434
3398
3416
3435
3399
3417
3436
3400
3418
3437
3419
3438
3402
3439
3841
3403
3440
3404
3441
3405
3442
3406
3443
3407
3444
3408
3445
3409
3446
3410
3447
3411
3448
3412
3449
3413
3450
3414
3451
3415
3452
3416
3453
3417
3454
3418
3455
3419
3456
3457
3421
3439
3458
3850
3422
3440
3459
3423
3441
3460
3424
3442
3461
3425
3443
3462
3426
3444
3463
3427
3445
3464
3428
3446
3465
3429
3447
3466
3430
3448
3467
3431
3449
3468
3432
3450
3469
3433
3451
3470
3434
3452
3471
3435
3453
3472
3436
3454
3473
3437
3455
3474
3438
3456
3475
3457
3476
3440
3477
3859
3441
3478
3442
3479
3443
3480
3444
3481
3445
3482
3446
3483
3447
3484
3448
3485
3449
3486
3450
3487
3451
3488
3452
3489
3453
3490
3454
3491
3455
3492
3456
3493
3457
3494
3495
3459
3477
3496
3868
3460
3478
3497
3461
3479
3498
3462
3480
3499
3463
3481
3500
3464
3482
3501
3465
3483
3502
3466
3484
3503
3467
3485
3504
3468
3486
3505
3469
3487
3506
3470
3488
3507
3471
3489
3508
3472
3490
3509
3473
3491
3510
3474
3492
3511
3475
3493
3512
3476
3494
3513
3495
3514
3478
3515
3877
3479
3516
3480
3517
3481
3518
3482
3519
3483
3520
3484
3521
3485
3522
3486
3523
3487
3524
3488
3525
3489
3526
3490
3527
3491
3528
3492
3529
3493
3530
3494
3531
3495
3532
3533
3497
3515
3534
3886
3498
3516
3535
3499
3517
3536
3500
3518
3537
3501
3519
3538
3502
3520
3539
3503
3521
3540
3504
3522
3541
3505
3523
3542
3506
3524
3543
3507
3525
3544
3508
3526
3545
3509
3527
3546
3510
3528
3547
3511
3529
3548
3512
3530
3549
3513
3531
3550
3514
3532
3551
3533
3552
3516
3553
3895
3517
3554
3518
3555
3519
3556
3520
3557
3521
3558
3522
3559
3523
3560
3524
3561
3525
3562
3526
3563
3527
3564
3528
3565
3529
3566
3530
3567
3531
3568
3532
3569
3533
3570
3571
3535
3553
3904
4256
3536
3554
4257
3537
3555
4258
3538
3556
4259
3539
3557
4260
3540
3558
4261
3541
3559
4262
3542
3560
4263
3543
3561
4264
3544
3562
4265
3545
3563
4266
3546
3564
4267
3547
3565
4268
3548
3566
4269
3549
3567
4270
3550
3568
4271
3551
3569
4272
3552
3570
4273
3571
4274
3554
3913
4617
3555
4618
3556
4619
3557
4620
3558
4621
3559
4622
3560
4623
3561
4624
3562
4625
3563
4626
3564
4627
3565
4628
3566
4629
3567
4630
3568
4631
3569
4632
3570
4633
3571
4634
4635
3573
3581
3590
3574
3582
3591
3575
3583
3592
3576
3584
3593
3577
3585
3594
3578
3586
3595
3579
3587
3596
3580
3588
3597
3589
3598
3582
3599
3583
3600
3584
3601
3585
3602
3586
3603
3587
3604
3588
3605
3589
3606
3607
3591
3599
3608
3592
3600
3609
3593
3601
3610
3594
3602
3611
3595
3603
3612
3596
3604
3613
3597
3605
3614
3598
3606
3615
3607
3616
3600
3617
3601
3618
3602
3619
3603
3620
3604
3621
3605
3622
3606
3623
3607
3624
3625
3609
3617
3626
3610
3618
3627
3611
3619
3628
3612
3620
3629
3613
3621
3630
3614
3622
3631
3615
3623
3632
3616
3624
3633
3625
3634
3618
3635
3619
3636
3620
3637
3621
3638
3622
3639
3623
3640
3624
3641
3625
3642
3643
3627
3635
3644
3628
3636
3645
3629
3637
3646
3630
3638
3647
3631
3639
3648
3632
3640
3649
3633
3641
3650
3634
3642
3651
3643
3652
3636
3653
3637
3654
3638
3655
3639
3656
3640
3657
3641
3658
3642
3659
3643
3660
3661
3645
3653
3662
3646
3654
3663
3647
3655
3664
3648
3656
3665
3649
3657
3666
3650
3658
3667
3651
3659
3668
3652
3660
3669
3661
3670
3654
3671
3655
3672
3656
3673
3657
3674
3658
3675
3659
3676
3660
3677
3661
3678
3679
3663
3671
3680
3664
3672
3681
3665
3673
3682
3666
3674
3683
3667
3675
3684
3668
3676
3685
3669
3677
3686
3670
3678
3687
3679
3688
3672
3689
3673
3690
3674
3691
3675
3692
3676
3693
3677
3694
3678
3695
3679
3696
3697
3681
3689
3698
3682
3690
3699
3683
3691
3700
3684
3692
3701
3685
3693
3702
3686
3694
3703
3687
3695
3704
3688
3696
3705
3697
3706
3690
3707
3691
3708
3692
3709
3693
3710
3694
3711
3695
3712
3696
3713
3697
3714
3715
3699
3707
3716
3700
3708
3717
3701
3709
3718
3702
3710
3719
3703
3711
3720
3704
3712
3721
3705
3713
3722
3706
3714
3723
3715
3724
3708
3725
3709
3726
3710
3727
3711
3728
3712
3729
3713
3730
3714
3731
3715
3732
3733
3717
3725
3734
3718
3726
3735
3719
3727
3736
3720
3728
3737
3721
3729
3738
3722
3730
3739
3723
3731
3740
3724
3732
3741
3733
3742
3726
3743
3727
3744
3728
3745
3729
3746
3730
3747
3731
3748
3732
3749
3733
3750
3751
3735
3743
3752
3736
3744
3753
3737
3745
3754
3738
3746
3755
3739
3747
3756
3740
3748
3757
3741
3749
3758
3742
3750
3759
3751
3760
3744
3761
3745
3762
3746
3763
3747
3764
3748
3765
3749
3766
3750
3767
3751
3768
3769
3753
3761
3770
3754
3762
3771
3755
3763
3772
3756
3764
3773
3757
3765
3774
3758
3766
3775
3759
3767
3776
3760
3768
3777
3769
3778
3762
3779
3763
3780
3764
3781
3765
3782
3766
3783
3767
3784
3768
3785
3769
3786
3787
3771
3779
3788
3772
3780
3789
3773
3781
3790
3774
3782
3791
3775
3783
3792
3776
3784
3793
3777
3785
3794
3778
3786
3795
3787
3796
3780
3797
3781
3798
3782
3799
3783
3800
3784
3801
3785
3802
3786
3803
3787
3804
3805
3789
3797
3806
3790
3798
3807
3791
3799
3808
3792
3800
3809
3793
3801
3810
3794
3802
3811
3795
3803
3812
3796
3804
3813
3805
3814
3798
3815
3799
3816
3800
3817
3801
3818
3802
3819
3803
3820
3804
3821
3805
3822
3823
3807
3815
3824
3808
3816
3825
3809
3817
3826
3810
3818
3827
3811
3819
3828
3812
3820
3829
3813
3821
3830
3814
3822
3831
3823
3832
3816
3833
3817
3834
3818
3835
3819
3836
3820
3837
3821
3838
3822
3839
3823
3840
3841
3825
3833
3842
3826
3834
3843
3827
3835
3844
3828
3836
3845
3829
3837
3846
3830
3838
3847
3831
3839
3848
3832
3840
3849
3841
3850
3834
3851
3835
3852
3836
3853
3837
3854
3838
3855
3839
3856
3840
3857
3841
3858
3859
3843
3851
3860
3844
3852
3861
3845
3853
3862
3846
3854
3863
3847
3855
3864
3848
3856
3865
3849
3857
3866
3850
3858
3867
3859
3868
3852
3869
3853
3870
3854
3871
3855
3872
3856
3873
3857
3874
3858
3875
3859
3876
3877
3861
3869
3878
3862
3870
3879
3863
3871
3880
3864
3872
3881
3865
3873
3882
3866
3874
3883
3867
3875
3884
3868
3876
3885
3877
3886
3870
3887
3871
3888
3872
3889
3873
3890
3874
3891
3875
3892
3876
3893
3877
3894
3895
3879
3887
3896
3880
3888
3897
3881
3889
3898
3882
3890
3899
3883
3891
3900
3884
3892
3901
3885
3893
3902
3886
3894
3903
3895
3904
3888
3905
3889
3906
3890
3907
3891
3908
3892
3909
3893
3910
3894
3911
3895
3912
3913
3897
3905
4798
3898
3906
4799
3899
3907
4800
3900
3908
4801
3901
3909
4802
3902
3910
4803
3903
3911
4804
3904
3912
4805
3913
4806
3906
4969
3907
4970
3908
4971
3909
4972
3910
4973
3911
4974
3912
4975
3913
4976
4977
3915
3933
4275
4644
3916
3934
4276
3917
3935
4277
3918
3936
4278
3919
3937
4279
3920
3938
4280
3921
3939
4281
3922
3940
4282
3923
3941
4283
3924
3942
4284
3925
3943
4285
3926
3944
4286
3927
3945
4287
3928
3946
4288
3929
3947
4289
3930
3948
4290
3931
3949
4291
3932
3950
4292
3951
4293
3934
3952
4294
4653
3935
3953
4295
3936
3954
4296
3937
3955
4297
3938
3956
4298
3939
3957
4299
3940
3958
4300
3941
3959
4301
3942
3960
4302
3943
3961
4303
3944
3962
4304
3945
3963
4305
3946
3964
4306
3947
3965
4307
3948
3966
4308
3949
3967
4309
3950
3968
4310
3951
3969
4311
3970
4312
3953
3971
4313
4662
3954
3972
4314
3955
3973
4315
3956
3974
4316
3957
3975
4317
3958
3976
4318
3959
3977
4319
3960
3978
4320
3961
3979
4321
3962
3980
4322
3963
3981
4323
3964
3982
4324
3965
3983
4325
3966
3984
4326
3967
3985
4327
3968
3986
4328
3969
3987
4329
3970
3988
4330
3989
4331
3972
3990
4332
4671
3973
3991
4333
3974
3992
4334
3975
3993
4335
3976
3994
4336
3977
3995
4337
3978
3996
4338
3979
3997
4339
3980
3998
4340
3981
3999
4341
3982
4000
4342
3983
4001
4343
3984
4002
4344
3985
4003
4345
3986
4004
4346
3987
4005
4347
3988
4006
4348
3989
4007
4349
4008
4350
3991
4009
4351
4680
3992
4010
4352
3993
4011
4353
3994
4012
4354
3995
4013
4355
3996
4014
4356
3997
4015
4357
3998
4016
4358
3999
4017
4359
4000
4018
4360
4001
4019
4361
4002
4020
4362
4003
4021
4363
4004
4022
4364
4005
4023
4365
4006
4024
4366
4007
4025
4367
4008
4026
4368
4027
4369
4010
4028
4370
4689
4011
4029
4371
4012
4030
4372
4013
4031
4373
4014
4032
4374
4015
4033
4375
4016
4034
4376
4017
4035
4377
4018
4036
4378
4019
4037
4379
4020
4038
4380
4021
4039
4381
4022
4040
4382
4023
4041
4383
4024
4042
4384
4025
4043
4385
4026
4044
4386
4027
4045
4387
4046
4388
4029
4047
4389
4698
4030
4048
4390
4031
4049
4391
4032
4050
4392
4033
4051
4393
4034
4052
4394
4035
4053
4395
4036
4054
4396
4037
4055
4397
4038
4056
4398
4039
4057
4399
4040
4058
4400
4041
4059
4401
4042
4060
4402
4043
4061
4403
4044
4062
4404
4045
4063
4405
4046
4064
4406
4065
4407
4048
4066
4408
4707
4049
4067
4409
4050
4068
4410
4051
4069
4411
4052
4070
4412
4053
4071
4413
4054
4072
4414
4055
4073
4415
4056
4074
4416
4057
4075
4417
4058
4076
4418
4059
4077
4419
4060
4078
4420
4061
4079
4421
4062
4080
4422
4063
4081
4423
4064
4082
4424
4065
4083
4425
4084
4426
4067
4085
4427
4716
4068
4086
4428
4069
4087
4429
4070
4088
4430
4071
4089
4431
4072
4090
4432
4073
4091
4433
4074
4092
4434
4075
4093
4435
4076
4094
4436
4077
4095
4437
4078
4096
4438
4079
4097
4439
4080
4098
4440
4081
4099
4441
4082
4100
4442
4083
4101
4443
4084
4102
4444
4103
4445
4086
4104
4446
4725
4087
4105
4447
4088
4106
4448
4089
4107
4449
4090
4108
4450
4091
4109
4451
4092
4110
4452
4093
4111
4453
4094
4112
4454
4095
4113
4455
4096
4114
4456
4097
4115
4457
4098
4116
4458
4099
4117
4459
4100
4118
4460
4101
4119
4461
4102
4120
4462
4103
4121
4463
4122
4464
4105
4123
4465
4734
4106
4124
4466
4107
4125
4467
4108
4126
4468
4109
4127
4469
4110
4128
4470
4111
4129
4471
4112
4130
4472
4113
4131
4473
4114
4132
4474
4115
4133
4475
4116
4134
4476
4117
4135
4477
4118
4136
4478
4119
4137
4479
4120
4138
4480
4121
4139
4481
4122
4140
4482
4141
4483
4124
4142
4484
4743
4125
4143
4485
4126
4144
4486
4127
4145
4487
4128
4146
4488
4129
4147
4489
4130
4148
4490
4131
4149
4491
4132
4150
4492
4133
4151
4493
4134
4152
4494
4135
4153
4495
4136
4154
4496
4137
4155
4497
4138
4156
4498
4139
4157
4499
4140
4158
4500
4141
4159
4501
4160
4502
4143
4161
4503
4752
4144
4162
4504
4145
4163
4505
4146
4164
4506
4147
4165
4507
4148
4166
4508
4149
4167
4509
4150
4168
4510
4151
4169
4511
4152
4170
4512
4153
4171
4513
4154
4172
4514
4155
4173
4515
4156
4174
4516
4157
4175
4517
4158
4176
4518
4159
4177
4519
4160
4178
4520
4179
4521
4162
4180
4522
4761
4163
4181
4523
4164
4182
4524
4165
4183
4525
4166
4184
4526
4167
4185
4527
4168
4186
4528
4169
4187
4529
4170
4188
4530
4171
4189
4531
4172
4190
4532
4173
4191
4533
4174
4192
4534
4175
4193
4535
4176
4194
4536
4177
4195
4537
4178
4196
4538
4179
4197
4539
4198
4540
4181
4199
4541
4770
4182
4200
4542
4183
4201
4543
4184
4202
4544
4185
4203
4545
4186
4204
4546
4187
4205
4547
4188
4206
4548
4189
4207
4549
4190
4208
4550
4191
4209
4551
4192
4210
4552
4193
4211
4553
4194
4212
4554
4195
4213
4555
4196
4214
4556
4197
4215
4557
4198
4216
4558
4217
4559
4200
4218
4560
4779
4201
4219
4561
4202
4220
4562
4203
4221
4563
4204
4222
4564
4205
4223
4565
4206
4224
4566
4207
4225
4567
4208
4226
4568
4209
4227
4569
4210
4228
4570
4211
4229
4571
4212
4230
4572
4213
4231
4573
4214
4232
4574
4215
4233
4575
4216
4234
4576
4217
4235
4577
4236
4578
4219
4237
4579
4788
4220
4238
4580
4221
4239
4581
4222
4240
4582
4223
4241
4583
4224
4242
4584
4225
4243
4585
4226
4244
4586
4227
4245
4587
4228
4246
4588
4229
4247
4589
4230
4248
4590
4231
4249
4591
4232
4250
4592
4233
4251
4593
4234
4252
4594
4235
4253
4595
4236
4254
4596
4255
4597
4238
4256
4598
4797
4239
4257
4599
4240
4258
4600
4241
4259
4601
4242
4260
4602
4243
4261
4603
4244
4262
4604
4245
4263
4605
4246
4264
4606
4247
4265
4607
4248
4266
4608
4249
4267
4609
4250
4268
4610
4251
4269
4611
4252
4270
4612
4253
4271
4613
4254
4272
4614
4255
4273
4615
4274
4616
4257
4617
4806
4258
4618
4259
4619
4260
4620
4261
4621
4262
4622
4263
4623
4264
4624
4265
4625
4266
4626
4267
4627
4268
4628
4269
4629
4270
4630
4271
4631
4272
4632
4273
4633
4274
4634
4635
4276
4294
4815
4277
4295
4278
4296
4279
4297
4280
4298
4281
4299
4282
4300
4283
4301
4284
4302
4285
4303
4286
4304
4287
4305
4288
4306
4289
4307
4290
4308
4291
4309
4292
4310
4293
4311
4312
4295
4313
4824
4296
4314
4297
4315
4298
4316
4299
4317
4300
4318
4301
4319
4302
4320
4303
4321
4304
4322
4305
4323
4306
4324
4307
4325
4308
4326
4309
4327
4310
4328
4311
4329
4312
4330
4331
4314
4332
4833
4315
4333
4316
4334
4317
4335
4318
4336
4319
4337
4320
4338
4321
4339
4322
4340
4323
4341
4324
4342
4325
4343
4326
4344
4327
4345
4328
4346
4329
4347
4330
4348
4331
4349
4350
4333
4351
4842
4334
4352
4335
4353
4336
4354
4337
4355
4338
4356
4339
4357
4340
4358
4341
4359
4342
4360
4343
4361
4344
4362
4345
4363
4346
4364
4347
4365
4348
4366
4349
4367
4350
4368
4369
4352
4370
4851
4353
4371
4354
4372
4355
4373
4356
4374
4357
4375
4358
4376
4359
4377
4360
4378
4361
4379
4362
4380
4363
4381
4364
4382
4365
4383
4366
4384
4367
4385
4368
4386
4369
4387
4388
4371
4389
4860
4372
4390
4373
4391
4374
4392
4375
4393
4376
4394
4377
4395
4378
4396
4379
4397
4380
4398
4381
4399
4382
4400
4383
4401
4384
4402
4385
4403
4386
4404
4387
4405
4388
4406
4407
4390
4408
4869
4391
4409
4392
4410
4393
4411
4394
4412
4395
4413
4396
4414
4397
4415
4398
4416
4399
4417
4400
4418
4401
4419
4402
4420
4403
4421
4404
4422
4405
4423
4406
4424
4407
4425
4426
4409
4427
4878
4410
4428
4411
4429
4412
4430
4413
4431
4414
4432
4415
4433
4416
4434
4417
4435
4418
4436
4419
4437
4420
4438
4421
4439
4422
4440
4423
4441
4424
4442
4425
4443
4426
4444
4445
4428
4446
4887
4429
4447
4430
4448
4431
4449
4432
4450
4433
4451
4434
4452
4435
4453
4436
4454
4437
4455
4438
4456
4439
4457
4440
4458
4441
4459
4442
4460
4443
4461
4444
4462
4445
4463
4464
4447
4465
4896
4448
4466
4449
4467
4450
4468
4451
4469
4452
4470
4453
4471
4454
4472
4455
4473
4456
4474
4457
4475
4458
4476
4459
4477
4460
4478
4461
4479
4462
4480
4463
4481
4464
4482
4483
4466
4484
4905
4467
4485
4468
4486
4469
4487
4470
4488
4471
4489
4472
4490
4473
4491
4474
4492
4475
4493
4476
4494
4477
4495
4478
4496
4479
4497
4480
4498
4481
4499
4482
4500
4483
4501
4502
4485
4503
4914
4486
4504
4487
4505
4488
4506
4489
4507
4490
4508
4491
4509
4492
4510
4493
4511
4494
4512
4495
4513
4496
4514
4497
4515
4498
4516
4499
4517
4500
4518
4501
4519
4502
4520
4521
4504
4522
4923
4505
4523
4506
4524
4507
4525
4508
4526
4509
4527
4510
4528
4511
4529
4512
4530
4513
4531
4514
4532
4515
4533
4516
4534
4517
4535
4518
4536
4519
4537
4520
4538
4521
4539
4540
4523
4541
4932
4524
4542
4525
4543
4526
4544
4527
4545
4528
4546
4529
4547
4530
4548
4531
4549
4532
4550
4533
4551
4534
4552
4535
4553
4536
4554
4537
4555
4538
4556
4539
4557
4540
4558
4559
4542
4560
4941
4543
4561
4544
4562
4545
4563
4546
4564
4547
4565
4548
4566
4549
4567
4550
4568
4551
4569
4552
4570
4553
4571
4554
4572
4555
4573
4556
4574
4557
4575
4558
4576
4559
4577
4578
4561
4579
4950
4562
4580
4563
4581
4564
4582
4565
4583
4566
4584
4567
4585
4568
4586
4569
4587
4570
4588
4571
4589
4572
4590
4573
4591
4574
4592
4575
4593
4576
4594
4577
4595
4578
4596
4597
4580
4598
4959
4581
4599
4582
4600
4583
4601
4584
4602
4585
4603
4586
4604
4587
4605
4588
4606
4589
4607
4590
4608
4591
4609
4592
4610
4593
4611
4594
4612
4595
4613
4596
4614
4597
4615
4616
4599
4617
4968
4600
4618
4601
4619
4602
4620
4603
4621
4604
4622
4605
4623
4606
4624
4607
4625
4608
4626
4609
4627
4610
4628
4611
4629
4612
4630
4613
4631
4614
4632
4615
4633
4616
4634
4635
4618
4977
4619
4620
4621
4622
4623
4624
4625
4626
4627
4628
4629
4630
4631
4632
4633
4634
4635
4637
4645
4807
4638
4646
4808
4639
4647
4809
4640
4648
4810
4641
4649
4811
4642
4650
4812
4643
4651
4813
4644
4652
4814
4653
4815
4646
4654
4816
4647
4655
4817
4648
4656
4818
4649
4657
4819
4650
4658
4820
4651
4659
4821
4652
4660
4822
4653
4661
4823
4662
4824
4655
4663
4825
4656
4664
4826
4657
4665
4827
4658
4666
4828
4659
4667
4829
4660
4668
4830
4661
4669
4831
4662
4670
4832
4671
4833
4664
4672
4834
4665
4673
4835
4666
4674
4836
4667
4675
4837
4668
4676
4838
4669
4677
4839
4670
4678
4840
4671
4679
4841
4680
4842
4673
4681
4843
4674
4682
4844
4675
4683
4845
4676
4684
4846
4677
4685
4847
4678
4686
4848
4679
4687
4849
4680
4688
4850
4689
4851
4682
4690
4852
4683
4691
4853
4684
4692
4854
4685
4693
4855
4686
4694
4856
4687
4695
4857
4688
4696
4858
4689
4697
4859
4698
4860
4691
4699
4861
4692
4700
4862
4693
4701
4863
4694
4702
4864
4695
4703
4865
4696
4704
4866
4697
4705
4867
4698
4706
4868
4707
4869
4700
4708
4870
4701
4709
4871
4702
4710
4872
4703
4711
4873
4704
4712
4874
4705
4713
4875
4706
4714
4876
4707
4715
4877
4716
4878
4709
4717
4879
4710
4718
4880
4711
4719
4881
4712
4720
4882
4713
4721
4883
4714
4722
4884
4715
4723
4885
4716
4724
4886
4725
4887
4718
4726
4888
4719
4727
4889
4720
4728
4890
4721
4729
4891
4722
4730
4892
4723
4731
4893
4724
4732
4894
4725
4733
4895
4734
4896
4727
4735
4897
4728
4736
4898
4729
4737
4899
4730
4738
4900
4731
4739
4901
4732
4740
4902
4733
4741
4903
4734
4742
4904
4743
4905
4736
4744
4906
4737
4745
4907
4738
4746
4908
4739
4747
4909
4740
4748
4910
4741
4749
4911
4742
4750
4912
4743
4751
4913
4752
4914
4745
4753
4915
4746
4754
4916
4747
4755
4917
4748
4756
4918
4749
4757
4919
4750
4758
4920
4751
4759
4921
4752
4760
4922
4761
4923
4754
4762
4924
4755
4763
4925
4756
4764
4926
4757
4765
4927
4758
4766
4928
4759
4767
4929
4760
4768
4930
4761
4769
4931
4770
4932
4763
4771
4933
4764
4772
4934
4765
4773
4935
4766
4774
4936
4767
4775
4937
4768
4776
4938
4769
4777
4939
4770
4778
4940
4779
4941
4772
4780
4942
4773
4781
4943
4774
4782
4944
4775
4783
4945
4776
4784
4946
4777
4785
4947
4778
4786
4948
4779
4787
4949
4788
4950
4781
4789
4951
4782
4790
4952
4783
4791
4953
4784
4792
4954
4785
4793
4955
4786
4794
4956
4787
4795
4957
4788
4796
4958
4797
4959
4790
4798
4960
4791
4799
4961
4792
4800
4962
4793
4801
4963
4794
4802
4964
4795
4803
4965
4796
4804
4966
4797
4805
4967
4806
4968
4799
4969
4800
4970
4801
4971
4802
4972
4803
4973
4804
4974
4805
4975
4806
4976
4977
4808
4816
4809
4817
4810
4818
4811
4819
4812
4820
4813
4821
4814
4822
4815
4823
4824
4817
4825
4818
4826
4819
4827
4820
4828
4821
4829
4822
4830
4823
4831
4824
4832
4833
4826
4834
4827
4835
4828
4836
4829
4837
4830
4838
4831
4839
4832
4840
4833
4841
4842
4835
4843
4836
4844
4837
4845
4838
4846
4839
4847
4840
4848
4841
4849
4842
4850
4851
4844
4852
4845
4853
4846
4854
4847
4855
4848
4856
4849
4857
4850
4858
4851
4859
4860
4853
4861
4854
4862
4855
4863
4856
4864
4857
4865
4858
4866
4859
4867
4860
4868
4869
4862
4870
4863
4871
4864
4872
4865
4873
4866
4874
4867
4875
4868
4876
4869
4877
4878
4871
4879
4872
4880
4873
4881
4874
4882
4875
4883
4876
4884
4877
4885
4878
4886
4887
4880
4888
4881
4889
4882
4890
4883
4891
4884
4892
4885
4893
4886
4894
4887
4895
4896
4889
4897
4890
4898
4891
4899
4892
4900
4893
4901
4894
4902
4895
4903
4896
4904
4905
4898
4906
4899
4907
4900
4908
4901
4909
4902
4910
4903
4911
4904
4912
4905
4913
4914
4907
4915
4908
4916
4909
4917
4910
4918
4911
4919
4912
4920
4913
4921
4914
4922
4923
4916
4924
4917
4925
4918
4926
4919
4927
4920
4928
4921
4929
4922
4930
4923
4931
4932
4925
4933
4926
4934
4927
4935
4928
4936
4929
4937
4930
4938
4931
4939
4932
4940
4941
4934
4942
4935
4943
4936
4944
4937
4945
4938
4946
4939
4947
4940
4948
4941
4949
4950
4943
4951
4944
4952
4945
4953
4946
4954
4947
4955
4948
4956
4949
4957
4950
4958
4959
4952
4960
4953
4961
4954
4962
4955
4963
4956
4964
4957
4965
4958
4966
4959
4967
4968
4961
4969
4962
4970
4963
4971
4964
4972
4965
4973
4966
4974
4967
4975
4968
4976
4977
4970
4971
4972
4973
4974
4975
4976
4977
)


// ************************************************************************* //
